2328.868714158766
1802.4486061740852
1715.421516149527
2057.5491276267835
1789.3838347254753
2015.0004310425202
1875.5926781035969
1744.022773294525
2202.110324920143
1863.5556193966156
1881.6041566912465
1861.6243475024944
1698.8212873498994
1395.9121047196868
2091.0992135107845
1976.3470851011687
2041.043022113282
2050.8521337954367
2266.2583400559206
1799.4563823581286
1062.4316110464126
1490.4845321654443
1653.1061943984394
2129.2949526259963
1399.3950144650046
1858.8622914550926
1853.587985164675
2390.288030180999
1249.1083221710996
2024.5467598256264
1918.7578892715837
954.2128482917236
1802.2719378120946
2328.948881911907
1991.3918262537948
1859.6832189665245
1020.6030274938701
1182.2359597486775
1779.8170885426116
2032.4745538655761
1064.7295216040707
1091.1127327981055
1821.1831569541296
1099.3780262205826
1669.2301567689315
2012.2716562493033
1464.4963071331235
1936.9023615554977
1761.4778102971884
927.3904789340007
1646.5546171085825
2047.7202092107887
1381.9708873121801
2564.0457193517873
1683.7931643582058
1779.2704480279267
2418.6097451657843
1878.1720545323033
1830.0327776308027
1946.9180177562998
1677.071365154577
2086.168493493947
1753.3051367900239
2250.5911861533386
1788.949954902832
1939.5503609367238
1153.8712599916764
1733.1508511383545
1230.0811835624154
1885.4631902410642
1570.3063068352285
2224.838178992891
1729.8433182651916
2151.1689617433994
1475.9499304486353
2267.3153464097713
1644.5702498697844
1664.9778797023494
1942.3421323797766
1010.9646915735389
1799.7345374602874
1807.9659525955205
1584.680536060824
2164.5231673396015
1248.491131113976
1157.1516237012347
1194.0467360799337
1238.145389087748
1807.646136666543
2144.817524572531
1476.3418153856435
2276.1902021629
1727.8548016510297
1566.0401355715533
1399.4502252545483
1914.9686737685151
2098.1349730428174
1507.0082833390309
1187.607236545825
1228.8663189270378
1804.585270139894
2015.2512283618455
1825.5877713376124
964.828470020525
1500.0
1693.1724887177236
1894.947765021558
1568.0313455336723
685.4721716368842
2184.982589967693
1170.5697662565992
1125.063348198755
1639.6687700194411
1647.3771395761614
1465.1149274302566
1321.9557468711057
1465.889617245083
1869.1131485230412
1354.6103879215136
1475.2028806555093
1689.3467580259514
778.1334039924768
1986.5136425883575
1506.0264793220058
1637.0214352257472
1859.197809479672
1744.809539642328
1297.022649412229
1497.6816455482742
1461.6028895084025
1575.513532170166
957.3315550882198
1053.5775136202917
876.5758314979074
1005.3226339368598
1297.5414521510347
917.2556798018821
1621.2342928320852
1901.90185227444
1483.6393428283718
2051.117178887015
1222.691507477941
1439.4615154472804
795.2428525593234
2163.4573567202924
1877.0034359063436
1722.186438770722
1946.571092626281
1935.6380573875026
1720.665728388442
1201.4624189570916
1461.073904864836
1432.8639502357053
1514.199181435081
1878.3083305358005
1513.6437139063107
1622.4980349789776
1687.3068499169722
1091.6664897106184
1833.4711464035101
1286.5562901355363
1493.6994493379232
1839.386300463089
1133.1975948906763
1131.0430334538287
2018.165073321933
860.6567960343974
1524.8625382838413
1040.4375135706991
1805.4385877932987
1365.268377515832
1217.9485503609503
1571.5154791284917
1264.711522088152
1419.7458329694298
1765.063546158416
835.1636404547758
1692.0983916992056
1031.0343214402446
1342.3334069383723
1811.3809399821441
1389.7740579107478
1015.2536819799712
1289.0741793510972
1850.11114814021
1337.2914066224212
1278.4363377094498
1515.6116504980328
1711.9304860811567
1291.1109439298102
1368.2562055863623
1055.9045967877287
1299.8987700981065
1722.6283271627726
1471.1355007321695
1234.3889630553263
1566.4922362974035
965.433578589175
752.700485576914
1262.7346930842275
1188.9245969191256
1755.3085752271763
1907.894951028334
1177.9358438747904
1593.53618855291
1472.3268547831626
1036.9131745385223
1634.4204874472125
1513.789116254273
1466.8175175101817
1874.0412089041738
1101.9646296343637
1678.697719448349
1067.8706386141953
1368.9367625803745
1285.9403910067822
1256.854637645851
2197.0151743485785
2084.584005915425
1050.8943693850106
1273.0192472450829
1603.5687689913686
914.5559034808654
1349.0297004956822
1100.0045390456007
2103.413159446129
1462.8949704384868
1736.435768938417
1692.927323213084
1282.527755402368
2109.8634189954505
1535.9681807216386
1312.8984140026523
1160.9775419930806
1714.0622635485101
1802.8759264219136
1268.7716800915714
957.9368991543155
1135.6366221943224
1885.77555035607
1639.583335581084
1216.4965140285299
1543.8517194065757
1303.478508676602
1646.3072390663208
1202.8133785156301
1278.3760896458887
1241.7758399402094
2181.422230317496
1181.726154999827
1084.185389524596
927.843092535091
1149.3177623108
1869.639894916413
1131.2350375903054
1229.2053722152887
1230.7203870899878
1580.138872776407
1418.3726616849065
2088.9105610677893
949.4140015478365
1126.138166642212
1100.3933550303452
1607.3245440627095
1796.0953568336563
1132.7748175116074
818.5179737187697
1483.1731753410081
904.6491612430586
1439.269515352856
1465.2147223105903
1457.0846346437181
1263.0034592396053
1336.303318722197
1709.5714876044242
1394.0836796146646
2012.6611694940598
1662.9027605997028
1012.5462201141651
1583.9617662140995
1160.7215653151595
1376.6393280790855
1453.319675494729
1377.524157754072
894.1697691108213
1309.4973415227316
1845.9699767776156
1134.7380953538648
1426.4743165929306
1002.9956968676264
1391.057637120211
1407.0055810231606
1547.3035265012936
1372.98040787528
917.239945735688
1611.136366620122
1101.1591257570344
1672.3495884407982
1780.7275380817914
1543.483535170414
1515.6635195709987
1095.2161055132171
973.0539034948456
1521.429360262775
1626.4427102162624
1372.1849540454368
1183.5638365646878
1500.0
1326.8376338223522
1241.753535540651
836.4525198601198
809.5439200011298
1447.4050790090205
1738.1058919264065
1249.3024438930831
1695.641965059608
1214.6775220380714
1512.9625918500149
1693.8509526929183
1839.4322444188874
1003.8489114172859
1243.7953107592334
1930.5117195442838
1313.1341667810689
866.8497440215467
1532.6957389237366
1569.2129707458007
1898.957588023587
1458.9036375221779
1700.8115186311643
1127.3331171305276
1410.2433856741989
1895.6496969944935
1613.9272416951853
1452.5847218607603
1530.2640961474278
1677.559465548134
955.5718820541729
1816.655062192829
1717.8396853077627
1626.6877355210265
1007.0614966414612
1406.0883594231007
1220.016027510065
1570.212717817943
1591.3753317308528
1075.822117112387
896.7782180179621
1811.1450963260063
2053.860828661904
1149.02436630788
1549.9313007942421
1169.645036040918
1956.8414760376252
1450.8811725297733
1666.5067572818714
944.8092372077404
1253.0246084563917
1925.289328861388
1838.3809454360785
1165.9198244634451
928.0640333170517
1431.9546801849724
1624.6748044796261
909.2188453317834
1607.938909361643
1875.7622539432662
1510.0474878278806
1162.0632282782124
1256.687057378606
1446.5182201970517
910.4780828403495
1084.503192040921
1111.7563536107389
1183.2779962380594
1603.0122185581615
1542.5365941867958
1701.9076341416462
787.9192421234404
1684.6320701778766
1950.5491232380045
1178.5179410772453
1601.6317704395574
1569.0085321143256
1190.497502951542
1489.7982293533828
2126.893199665157
1139.4574211989138
1108.729841838477
1255.1818189102992
1271.3943732026605
1281.958767231765
1454.0410322207463
911.2497860281671
1470.3431374730603
1523.0387866316526
1009.3439191319707
1654.450286440419
1398.0485926208971
1346.551437110106
1699.1777555051835
1387.6635143031579
1706.405570811595
1400.4012154590105
1464.8807240878537
1281.3221932792428
1791.585187501127
2098.649750835882
