17
0
9
15
13
7
9
5
12
14
9
13
10
2
4
12
10
13
15
3
1
4
8
4
1
8
8
17
1
13
12
0
11
11
11
14
1
1
7
13
2
2
11
1
3
14
2
9
10
0
3
15
1
14
2
7
11
7
15
9
6
13
7
16
7
15
6
10
2
5
5
17
8
17
5
4
3
7
3
0
3
10
2
16
5
0
2
1
7
12
3
13
3
1
5
10
3
3
1
2
8
11
3
1
0
3
10
3
1
8
2
5
4
3
3
3
3
5
3
3
6
2
3
7
3
5
13
2
3
8
4
2
2
2
2
4
1
3
4
4
9
3
5
2
5
9
5
9
6
4
4
3
3
3
9
3
5
4
4
5
1
6
4
2
2
4
4
6
1
3
3
3
3
3
1
4
1
3
1
3
10
2
2
7
4
4
2
8
7
2
3
1
2
4
4
3
7
3
0
3
1
3
5
2
4
3
1
2
3
3
4
2
4
1
3
1
5
5
16
1
3
7
0
3
5
5
6
10
4
2
10
4
3
2
4
3
1
1
1
3
2
2
3
2
3
1
3
2
6
2
1
1
3
3
3
1
3
4
3
4
0
1
3
4
4
2
2
4
0
3
3
7
3
3
3
4
4
3
0
3
1
2
2
2
2
2
4
2
3
2
3
4
4
3
2
4
2
3
3
7
2
4
3
2
4
2
1
0
4
2
2
1
3
4
1
5
3
3
5
3
2
2
4
1
1
3
3
3
2
2
2
0
3
3
3
3
2
0
1
4
2
1
2
1
2
4
2
1
2
4
1
2
1
3
2
3
0
2
2
3
2
1
2
4
0
4
4
3
3
