978.3593056404802
1573.3049919564087
1495.437352551364
862.0782295665
1168.9743333751505
1898.1235843343457
1998.8927918622521
1233.184733896294
1630.6511706939666
1880.9521965251572
1204.5607061437267
2292.240444487
1242.0186868288888
1573.3847034551695
1021.5631669542354
1283.416707680886
1775.979789379541
1678.8513831091132
2064.926000773334
1612.847529169034
1459.3606083046757
1763.3898739171623
1934.859170006588
1913.2837509573558
2161.7897426444074
757.6319136281359
1706.562265269995
1623.067310945332
1800.6767800325906
2107.756046129263
611.8415651493017
1233.8863640856287
1827.030476191385
1326.0321901472346
2209.000064200585
1523.850006469938
1051.1876865064396
973.16301224115
2105.6651996108208
1392.2417087573378
1885.8121189383853
1697.7999271077545
1203.2359685878653
1664.5163929678815
1931.0726956248975
1273.0195843057475
2002.2179009805852
1177.1060709781934
1500.0
1885.1073426547464
951.0670535002297
1920.3471544774488
2082.9817641374993
2040.3779775490275
1461.975965705744
1360.173737620306
1691.6374370200765
973.8489818680988
1587.7305253182685
581.5248497995483
1302.739594181361
1874.9761562472795
1326.7958925154533
1261.2158347279908
1534.6427771961112
1204.5555594611421
863.6273289192973
756.1969547586338
1689.642447333343
2249.463889148145
1123.3590129833317
1695.2702625617285
1630.7120219496605
980.9765154105758
1349.684759931144
1396.2882919842712
1058.6440116133722
1417.7074674497455
1322.1790699123999
2101.077044739785
1816.5013618031521
1900.5709968566912
854.4137874918254
1478.2107869493536
865.9519609300082
2063.885882237949
1984.0173206165287
1694.2077445938655
1306.0957683584043
1257.5684059276948
1687.1875324377418
1208.9360511837783
1748.2277754256247
1425.4114462411987
1587.0020781653059
2238.5328426437936
884.1159841563489
1982.681616789585
1672.0078020558708
2315.050894054343
1245.0061493349394
1584.8335524873557
1111.532846218275
1397.1407394362116
2449.775826010418
960.8198562499564
1466.8504309954155
1776.1785989074767
1555.1183913314942
1338.977173266626
1092.6259428146552
1485.6935060349228
2023.8357832637723
2111.642782645768
1526.2841517103125
1310.7665250362154
1521.7341182252283
1172.0109057068144
1924.1791695244565
1457.671497941036
2358.9553165524762
991.7616819528067
2043.396038786892
1036.1702888134992
1325.9315156417438
814.7620746841724
1357.104583720161
1788.8824597238927
1798.0373689917321
1584.4727073915299
1715.5023888618032
888.8706929537834
1212.511246181468
516.0223043954314
1379.433163868252
2034.9318917547603
1883.3516546153442
1198.310046984852
1167.2951377975492
1650.3068125443483
1466.045494955854
2138.4554721180393
1649.06380439484
1607.0215817494036
1423.5859712860718
1514.0659557444085
1692.2793054623637
1549.546889020364
1118.1044345413065
1473.3022617136357
2028.831996972386
1145.0675042557314
673.8419451639917
1830.2256250238952
2095.6054212916406
985.4530647700861
1441.614422334077
1377.7838607758233
1181.2932849983092
599.1468951858315
1376.2264560205358
1965.6894806127877
1864.52604716723
1380.7726211429801
1307.2215576003189
1156.1570300572475
1238.4389390556487
1123.5474670770018
1522.3206087739866
733.8753836729696
696.7029454366882
1549.9277606108808
1053.3994788956284
1785.836208211813
1800.0191593318991
1721.9430654472358
1757.9083477111096
1230.7059557477896
2124.9013422816865
1426.9477053643393
1689.2484097175911
1876.101221151916
1576.3650230678418
1732.42267657318
1685.8725538890742
651.970693154145
2086.2747300482292
1122.3694043404705
1588.041235782784
596.2356782897069
980.2305475549418
1327.3216375275547
1266.7403829000878
1595.2244714130347
630.2754643747111
1563.4757719953493
2053.7873323556746
2123.914417677474
2057.1494969081646
1393.9143025913613
2041.4391638949276
1751.8418689020061
2449.424840954897
1266.2365085586587
1700.0278930879886
1655.7202822489635
2441.339923233315
1331.6708910961877
1416.150382480072
1340.5783669648022
1957.4619045396355
1055.4326655768673
924.0701346254675
981.7923028959816
948.4793519646291
1895.5708187873242
1788.91262436274
1474.8214015143299
1024.5337180208728
1245.613982106385
1126.573682149165
1726.2563082546847
1452.6200139818377
1406.4955184849678
