1396.4854897726736
1691.8671207100977
1440.2031199263586
950.6622629428846
944.8249763827453
2034.6992505429341
2074.371541203117
1429.0478455852524
1634.6737144359927
1706.3531466310128
1401.7653888404213
2280.17509411257
1195.1972690070463
1524.253837491337
1264.290076959368
1500.4284802704178
1847.1292840055103
1501.2562780826706
1918.6180454250493
1876.0143478091004
1407.7171692920551
1848.6357577647177
1947.2162392820583
1821.2397378030125
2116.580317262489
998.0683774286849
1780.1212427178345
1589.1746053112358
1473.7035420952766
1768.5891005633325
1171.995879586465
978.8634641438665
1826.378172342155
1500.0
1879.3067903058484
1198.841320566007
1360.8675602463009
1125.5408258138687
1784.8080007564167
1464.7610681492945
1832.1146366678477
1453.3188065848783
1655.2083820556434
1785.9782485204146
1920.7967266411545
1388.0089317154298
1877.28977551008
1337.4199404589256
1500.0
1711.2990114513002
1011.8417715059625
1784.4416405985758
1744.8576853011807
1968.5961420698563
1399.4460124250286
1624.8051760645908
1885.684573312684
1466.5510684509798
1655.620716545664
1188.7329903925852
1735.105391416765
1587.4354147607316
1515.517103209986
1391.737489550208
1311.946741062701
1626.8428723858085
1469.2098001153765
1050.4391949821609
1443.131132284035
2273.2980571159196
1773.4517474261936
1755.0976471528286
1966.0581133652552
1054.3716959502653
1101.4972506482975
1530.1760744653466
1330.5705929011262
1682.239747240084
1644.050751316886
1814.3641321091839
1903.8439655327054
1938.2616954287246
1266.6888966115175
1521.7120829480727
1357.1143014919658
1938.1179330024543
1813.5056572318956
1634.6479882870678
1492.6436871795513
1211.1766355940963
1983.8901401860767
1203.6722989046575
1802.5596282066615
1521.8020763261463
1350.599283206225
2138.397404887653
957.476873571824
1555.5042516706258
1730.661222188491
2095.4887152562555
1292.666557855761
1812.001788469265
1024.2660478588762
1471.7491440163737
2127.6007261392338
1035.279739438026
1506.159253416987
1690.630551339398
1981.7326110007082
1449.6774517396123
906.09078675574
1571.597071376523
1448.132887080913
1861.2708660561373
1968.0731140577507
1517.9832726001227
1609.2804027060654
1113.9036696829405
1791.90707095405
1372.1446584042785
2143.2413516929855
1010.7844770597001
1870.5675880219735
696.7015866180778
1176.1370591297245
1079.2109869834483
1548.7998122527806
1419.0032180409771
1403.2125908712544
1645.7329043604807
1802.6707162291393
924.5314106040211
959.5040286175621
946.9994353334146
1380.6480147979598
2179.0881006766217
1828.4567529328526
1262.845531519881
1070.4087789273544
1647.4664214688862
1699.9822008425092
1563.5090135841144
1746.2599005428833
1458.5794390038473
1344.787751101861
1665.415876749086
1653.2060289106682
1429.7617859810548
1088.3106354633737
1539.152167167797
2017.5404402750967
1174.5779196119988
1104.0012679746817
1552.2192376165735
2326.2028463733327
1045.6385697818598
1178.0935362822765
1872.7647442563355
1439.4218925096093
1007.0196148922302
1380.697536025939
1951.8503314745913
1488.2692338352535
1499.5526923065618
1344.9637665107398
1269.3729793410887
1648.0266628440247
1489.2495670289688
1523.394451810471
1161.9384461344932
1195.737509013567
1350.369055963123
1514.413072913886
1992.3618649783664
1901.1010676132173
1753.1320457968202
1943.0444212060302
1364.5445573903244
2101.9956194008264
1121.9430139510685
1602.551479685756
1434.7153463425464
1498.118846474159
1313.8571526407407
1647.625716534133
874.2312540639798
1809.3106081370927
1311.5744019265344
1405.6422732667374
945.6572580462138
929.7418192744398
1131.956232171708
1775.659156623879
1591.4003080646307
1240.7195049464196
1813.8720001191355
1665.25580746149
1833.941990167314
2025.6337185726102
1685.2473345583717
1751.2099079460756
1589.8808714545582
2225.6711000904565
1723.9050527933218
1506.9531787259543
1801.6314196555638
2143.807293222788
1515.5546927098108
1405.4670294315076
1588.386456013843
1770.095255375732
1241.3782709973655
843.8920281560212
1200.5392179358669
1215.6591851976343
2279.7586757528193
1341.7210249515183
1483.5606509312472
1221.023680985562
1315.9227536086696
1357.4581470844162
1674.1649421949267
1521.1963134219804
1095.5002301268692
1205.322726751222
1080.0075203620281
1722.7245470424127
1559.9527782863086
1242.3695755264544
1666.3571045352155
890.0781971529577
1198.2761118158228
1339.1279708719069
1947.1555243127434
1058.2355316265434
1543.7175293682285
1820.8521713022794
1600.7302840599166
863.1396358216019
1269.9470695749653
1142.0371814791881
993.9212060850158
1347.076196035714
1040.3279469767194
1899.871915204372
953.9654481603633
1674.8032647611294
2035.1275523678548
1386.59722724645
1162.9309351421653
1481.2613819230091
1514.3193481930186
1262.9449322002897
1445.8099767655408
1242.9366372247418
1287.8376268286033
1004.9233765190071
1858.4525905536645
1273.70321275405
1700.1159465937706
919.3266462115771
1233.8722818984181
868.1401391182517
1755.541346451836
1431.4567921214589
1696.867409927101
1631.6170341487373
883.5778192471183
1110.3569204608812
2199.2823683003908
1453.3857393108767
1175.2614660430434
1814.3205158598853
1367.7065372940904
1635.7790921677479
1667.777027836065
1242.1258928763436
2099.451239863561
1116.6262795126406
1419.2842738408583
1662.023563425817
1908.7303092982852
1452.0335681844122
1001.8544999448818
1955.3462972545115
1655.3837646302438
1262.444724713405
1688.127686389404
1521.2095066105946
1822.5949144464992
1255.7948581801943
1018.3488181615431
1194.6506893279864
2356.8590780647996
1287.8816598067713
1382.5511015450384
1783.2307003646429
1786.890702200265
929.6706276708053
1758.7550537324794
1670.4295210874006
998.9529896043314
898.5058840342984
1656.1821889648438
1945.28763548175
1029.9322938004254
1200.1910898451597
2031.1303342627234
1269.0566385378693
1928.6626355731944
2032.9275816316228
1153.7128812783806
1032.0740587598336
2139.82974934185
1845.352957049555
1940.0702911282435
1900.9934008788325
1930.3991762704652
1287.6914066499555
1611.5036588740531
1391.4706032047668
1284.3308096793157
1653.7721491530942
1465.119178952531
1374.338700834504
1948.8936943592746
1664.4048445504088
1845.7678102312698
1223.653651049131
1414.35663329339
2209.2594698839425
886.5600442984191
1266.5292965348594
1125.7945230987875
818.3410133165688
1773.5489282759418
1581.4262129217366
1618.291912489357
1215.131641344154
1710.743923909141
1828.8539173955887
1951.8293892476913
1398.4087587549388
1525.5450890745533
1778.910304118507
1407.4236791434635
1592.140989313802
1326.1113469597835
867.6646320864036
1251.1056791136514
1702.116331385065
1539.9243468703612
954.4185562957354
1528.1703462125233
1682.2905192664796
1402.6329324809292
1747.9570370135518
1774.1421705351531
1702.016022124728
1160.7562672076156
1358.4682877067025
2043.5078327054166
1112.0914201201401
1033.3177531300435
2027.901392690493
1308.5007784633501
1739.664994624013
1269.9223084339299
1165.3731607555437
1313.2649471813957
862.7848038432878
1033.9002719980942
1291.8882817268786
1509.5600481029564
997.3533821918681
1336.542800260278
1901.5158959921037
1558.3015496349303
1230.6148018726187
840.8805752152942
1043.8455758475147
1203.4302838105145
1288.3834952603731
1164.9992312309812
1049.281088678859
1390.8571879054266
1670.9420854825323
1345.4385283619702
1753.3901762821426
1344.2586572649934
1530.0553412248732
1271.8182626268522
2203.7588411926945
1138.7783584088002
1342.2470040736662
1228.874952415224
878.7957787690665
1434.028166736181
1695.587246123893
1482.3652035252996
976.0113102591994
879.0374109923022
2156.926467275515
1271.551400827985
1081.575002552551
1463.5522577273066
927.4313077139542
1240.6883577666845
1626.3006421776054
1220.5345268983024
