24
12
12
6
10
13
22
12
33
14
24
16
12
12
12
12
13
12
26
12
12
24
14
13
13
12
13
12
12
15
10
12
14
2
16
12
12
10
15
12
14
13
12
12
25
12
14
8
0
13
10
12
24
24
11
20
23
22
11
10
10
23
22
10
9
22
20
8
11
9
22
11
24
10
11
10
10
22
22
13
12
22
10
10
8
25
14
23
10
10
24
22
24
23
23
25
10
24
11
22
8
21
12
24
24
12
24
22
12
24
12
12
24
12
12
12
12
12
24
12
18
12
12
12
12
12
12
12
12
24
24
12
12
12
24
24
24
12
12
12
24
24
12
12
12
12
24
24
12
24
12
12
12
12
12
12
12
12
12
12
12
24
12
12
12
12
12
24
24
12
12
12
12
24
24
24
24
12
22
12
12
24
12
12
12
12
12
12
12
12
12
12
12
12
12
12
12
12
12
12
12
12
12
12
12
12
12
12
12
12
12
12
12
12
12
24
12
12
12
12
12
12
12
12
12
10
12
12
12
12
12
12
12
24
10
12
12
10
12
10
12
12
12
12
12
12
12
12
12
2
12
12
12
12
12
12
12
12
12
12
10
12
12
12
12
12
12
12
12
12
12
10
12
12
12
12
12
12
12
12
12
12
12
8
12
12
12
12
12
12
12
10
12
12
12
12
12
12
12
12
12
12
12
12
12
10
12
12
12
12
12
12
12
12
12
12
12
12
12
12
12
12
12
12
12
12
12
12
12
12
12
